0 4.61 4.89 1.06
1 4.62 4.84 1.05
2 4.57 4.75 1.04
3 4.47 4.65 1.04
4 4.37 4.58 1.05
5 4.27 4.55 1.07
6 4.18 4.56 1.09
7 4.12 4.6 1.12
8 3.99 4.64 1.16
9 3.84 4.67 1.22
10 3.74 4.65 1.24
11 3.64 4.58 1.26
12 9.66 14.23 1.47
13 9.22 15.11 1.64
14 8.81 14.31 1.62
15 8.41 14.66 1.74
16 8.07 15.21 1.88
17 7.74 15.27 1.97
18 7.65 14.74 1.93
19 7.64 13.88 1.82
20 7.5 13.19 1.76
21 7.52 12.7 1.69
22 7.47 12.37 1.66
23 7.55 11.95 1.58
24 7.74 11.69 1.51
25 6.11 6.54 1.07
26 2.23 1.66 0.74
27 2.16 1.65 0.76
28 2.45 1.65 0.67
29 2.1 1.64 0.78
30 2.47 1.62 0.66
31 2.24 1.63 0.73
32 2.19 1.65 0.75
33 2.41 1.66 0.69
34 2.06 1.64 0.8
35 2.35 1.67 0.71
36 2.14 1.66 0.77
37 2.14 1.69 0.79
38 2.4 1.66 0.69
39 4.51 4.19 0.93
40 2.43 3.06 1.26
41 2.49 3.09 1.24
42 2.56 3.11 1.22
43 2.64 3.15 1.2
44 2.74 3.23 1.18
45 2.79 3.27 1.17
46 2.8 3.33 1.19
47 2.83 3.36 1.19
48 2.88 3.33 1.16
49 2.98 3.33 1.12
50 2.96 3.37 1.14
51 2.97 3.35 1.13
52 2.91 3.35 1.15
53 2.83 3.32 1.17
54 5.36 5.6 1.04
55 1.6 0.72 0.45
56 1.59 0.72 0.45
57 1.59 0.72 0.45
58 1.56 0.72 0.46
59 1.61 0.72 0.45
60 1.61 0.72 0.45
61 1.59 0.72 0.45
62 1.58 0.72 0.45
63 1.55 0.71 0.46
64 1.54 0.71 0.46
65 1.56 0.71 0.46
66 1.54 0.71 0.46
67 1.58 0.71 0.45
68 1.61 0.7 0.44
69 3.9 2.74 0.7
70 3.38 2.22 0.66
71 3.41 2.24 0.66
72 3.37 2.24 0.67
73 3.31 2.2 0.67
74 3.25 2.19 0.68
75 3.13 2.18 0.7
76 3.09 2.14 0.69
77 3.06 2.14 0.7
78 3.04 2.14 0.71
79 3.0 2.12 0.71
80 3.04 2.13 0.7
81 3.01 2.15 0.72
82 3.06 2.15 0.7
83 3.08 2.12 0.69
84 2.97 2.06 0.7
85 2.97 2.03 0.68
86 4.43 3.56 0.8
87 2.09 1.47 0.71
88 2.13 1.48 0.69
89 2.23 1.48 0.66
90 2.25 1.49 0.66
91 2.27 1.49 0.65
92 2.26 1.49 0.66
93 2.23 1.49 0.67
94 2.24 1.49 0.67
95 2.29 1.49 0.65
96 2.43 1.5 0.62
97 2.53 1.5 0.59
98 2.53 1.5 0.59
99 2.51 1.48 0.59
100 2.4 1.48 0.62
101 2.37 1.49 0.63
102 2.3 1.5 0.65
103 6.98 6.13 0.88
104 0.35 0.56 1.61
105 0.36 0.58 1.6
106 0.36 0.57 1.61
107 0.37 0.57 1.56
108 0.4 0.59 1.48
109 0.4 0.59 1.45
110 5.73 4.73 0.82
111 3.87 1.81 0.47
112 3.83 1.79 0.47
113 3.75 1.81 0.48
114 3.74 1.81 0.49
115 3.77 1.84 0.49
116 3.84 1.85 0.48
117 3.91 1.85 0.47
118 3.92 1.84 0.47
119 3.97 1.83 0.46
120 4.02 1.82 0.45
121 4.03 1.84 0.46
122 3.99 1.84 0.46
123 4.02 1.82 0.45
124 6.43 5.21 0.81
125 4.99 4.37 0.88
126 4.97 4.29 0.86
127 4.93 4.22 0.86
128 4.91 4.14 0.84
129 4.87 4.05 0.83
130 4.82 3.97 0.82
131 4.81 3.94 0.82
132 4.81 3.9 0.81
133 4.8 3.88 0.81
134 4.8 3.87 0.81
135 4.75 3.86 0.81
136 4.69 3.87 0.83
137 4.65 3.89 0.84
138 6.04 7.01 1.16
139 3.43 4.02 1.17
140 3.4 4.05 1.19
141 3.49 4.0 1.15
142 3.45 3.94 1.14
143 3.34 3.86 1.16
144 3.29 3.8 1.15
145 3.18 3.7 1.16
146 3.02 3.12 1.03
147 2.89 1.91 0.66
148 2.85 1.12 0.39
149 2.78 0.64 0.23
150 2.65 0.65 0.24
151 4.37 2.92 0.67
152 2.47 2.92 1.18
153 2.43 2.94 1.21
154 2.27 3.02 1.33
155 1.86 3.02 1.63
156 1.74 3.01 1.73
157 1.98 3.04 1.53
158 2.42 2.98 1.23
159 3.27 2.92 0.89
160 4.02 2.89 0.72
161 4.36 2.89 0.66
162 4.38 2.98 0.68
163 4.4 2.61 0.59
164 2.83 1.39 0.49
165 1.66 0.49 0.29
